[Graphics]
SgnCNT=2
gph=4294967295,4278190080,869059788,0,0,0,10,20,100000,0,0,-1,DEFAULT,20,0,0,0,-1
ui0=-1;-1;0;4278222592;MCxUZW1wZXJhdHVyZV9DSDEsVGVtcGVyYXR1cmVfRGF0YSwwLDI1NiwwLDAsMCwzMTAuMjUsMC4wMSwwLDAsLTEsMTYsMCxkZWdDLFRlbXBlcmF0dXJlIENIMSBtZWFzdXJlZCBieSBNQVg2Njc1LiBSYXcgdmFsdWUgaXMgdGVtcGVyYXR1cmUgKiAxMDAuIFJhbmdlOiAwIHRvICsxMDI0IGRlZ0MuIDB4N0ZGRiA9IEVycm9yLDAsMCwwLDEsLTEsMCwzMTAuMjUsMCwxMDAsMSwsMCwsLA__;"";1;0;0
ui1=-1;0;0;4294901760;MCxUZW1wZXJhdHVyZV9DSDIsVGVtcGVyYXR1cmVfRGF0YSwwLDI1NiwwLDAsMCwxNTAsMC4wMSwwLDE2LC0xLDE2LDAsZGVnQyxUZW1wZXJhdHVyZSBDSDIgbWVhc3VyZWQgYnkgTUFYNjY3NS4gUmF3IHZhbHVlIGlzIHRlbXBlcmF0dXJlICogMTAwLiBSYW5nZTogMCB0byArMTAyNCBkZWdDLiAweDdGRkYgPSBFcnJvciwwLDAsMCwxLC0xLDAsMTUwLDAsMTAwLDEsLDAsLCw_;"";1;0;0
HName=Group 1
UIVis=-1,-1,-1,-1,-1,-1,0,0,0,-1,-1,-1
UIWidth=80,139,106,30,96,53,52,96,96,52
GridHeight=863
YMax=0
SplitCount=1
TotalHeight=865
PersistentSel=1
DisplayFrameDotSgn=0
ShowSelFloatingCur=0
Heights=1;0;
UICommon=0,-1,0,0,R3JhcGhpY3M_,100,271,6899515502413086363,0
UIFilter=
UISettings=0,2,-1,799

[CANFDTransmit]
BypassPreTx=0
MessageCnt=0
SgnPnlPercent=0
Protocol=1
MsgVis=-1,-1,-1,-1,-1,-1,-1,-1,-1,0,0,0,0,0,0,-1,-1,-1,-1,-1,-1,-1,-1,-1
MsgPos=0,1,2,3,4,5,6,7,8,9,10,11,12,13,14,15,16,17,18,19,20,21,22,23
SgnVis=-1,-1,-1,-1,-1,-1,-1,0,0,0,-1
SgnPos=0,1,2,3,4,5,6,7,8,9,10
UICommon=0,-1,0,0,Q0FOIC8gQ0FOIEZEIFRyYW5zbWl0,100,176,3781617185402993696,0
UIFilter=

[CANFDTransmit1]
BypassPreTx=0
MessageCnt=1
M0=7;SGFsdGVjaF9XaWRlYmFuZF9DQU4_;V0IxX1dpZGViYW5kX0RhdGE_;689;0;0;8;0;0,0,0,0,0,0,0,0,0,0,0,0,0,0,0,0,0,0,0,0,0,0,0,0,0,0,0,0,0,0,0,0,0,0,0,0,0,0,0,0,0,0,0,0,0,0,0,0,0,0,0,0,0,0,0,0,0,0,0,0,0,0,0,0,;SGFsdGVjaCBXQjEgU2luZ2xlIENoYW5uZWwgV2lkZWJhbmQgLSBDQU4gSUQgMHgyQjE_;-1;0;50;0;0;0;0;0
M0S0=V0IxX0xhbWJkYTE_;0;16;0;17;0;32;0.0009765625;0;0;bGFtYmRh;TGFtYmRhIHZhbHVlIGZvciBzZW5zb3IgMS4gMzI3Njc9RnJlZSBBaXIsIG90aGVyd2lzZSBQaHlzaWNhbCA9IFJhdy8xMDI0;6;0;0;0;0;0-00;3276;0;1.6
M0S1=V0IxX1NlbnNlUmVzaXN0b3Ix;0;8;1;32;0;255;1;0;0;T2ht;U2Vuc2UgcmVzaXN0b3IgdmFsdWUgZm9yIHNlbnNvciAxIGluIE9obXM_;6;0;0;0;0;0-00;12;0;12.75
M0S2=V0IxX0xhbWJkYTI_;0;16;0;33;0;32;0.0009765625;0;0;bGFtYmRh;TGFtYmRhIHZhbHVlIGZvciBzZW5zb3IgMi4gMzI3Njc9RnJlZSBBaXIsIG90aGVyd2lzZSBQaHlzaWNhbCA9IFJhdy8xMDI0;6;0;0;0;0;0-00;3276;0;1.6
M0S3=V0IxX1NlbnNlUmVzaXN0b3Iy;0;8;1;40;0;255;1;0;0;T2ht;U2Vuc2UgcmVzaXN0b3IgdmFsdWUgZm9yIHNlbnNvciAyIGluIE9obXM_;6;0;0;0;0;0-00;12;0;12.75
M0S4=V0IxX0RpYWdDb2RlMQ__;0;4;1;48;0;15;1;0;0;;RGlhZ25vc3RpYyBjb2RlIGZvciBzZW5zb3IgMQ__;6;0;0;0;0;0-00;1;0;1
M0S5=V0IxX0RpYWdDb2RlMg__;0;4;1;52;0;15;1;0;0;;RGlhZ25vc3RpYyBjb2RlIGZvciBzZW5zb3IgMg__;6;0;0;0;0;0-00;1;0;1
M0S6=V0IxX0JhdHRlcnlWb2x0YWdl;0;8;1;56;0;20;0.07843137255;0;0;Vg__;QmF0dGVyeSB2b2x0YWdlLiBQaHlzaWNhbCA9IFJhdyAqIDIwIC8gMjU1;6;0;0;0;0;0-00;12;0;1
M0AutoSARPDU=0
M0PDUNum=0
SgnPnlPercent=0
Protocol=1
MsgVis=-1,-1,-1,-1,-1,-1,-1,-1,-1,0,0,0,0,0,0,-1,-1,-1,-1,-1,-1,-1,-1,-1
MsgPos=0,1,2,3,4,5,6,7,8,9,10,11,12,13,14,15,16,17,18,19,20,21,22,23
SgnVis=-1,-1,-1,-1,-1,-1,-1,0,0,0,-1
SgnPos=0,1,2,3,4,5,6,7,8,9,10
UICommon=0,-1,0,0,Q0FOIC8gQ0FOIEZEIFRyYW5zbWl0IFsjMl0_,100,165,5322412732417365562,0
UIFilter=

[CANFDTraceOptions]
UICommon=0,-1,0,0,Q0FOIC8gQ0FOIEZEIFRyYWNl,100,212,8073829105266337735,0
UIFilter=
UIConf=2276,-1,-1,0,0,1,1,REVGQVVMVA__,C:\Users\chake\OneDrive\Desktop\ese_TCA\TSmasterPrj\Logging\Snapshot\,Snapshot
FilterStr=
FilterIsPass=1
FilterEnabled=0
HWidth=150,120,100,38,112,50,150,80,40,40,90,40,40,1800,112,150,50,60,54,200,200
HVis=-1,0,-1,-1,-1,-1,-1,-1,-1,-1,-1,-1,-1,-1,0,0,0,0,0,0,0
